0    5    19
 0     6     19
 0     5     23
 0     0     24
 0     4     25
 0     5     25
 0     0     26
 0     7     27
 0     0     28
 0     1     28
 0     4     29
 0     5     29
 0     0     30
 0     5     31
 0     6     31
 1     3     32
 1     4     32
 0     0     32
 0     1     32
 0     7     32
 0     8     32
 0     1     33
 0     4     33
 0     5     33
 0     7     33
 0     8     33
 0     0     34
 0     1     34
 0     4     34
 0     5     34
 0     1     35
 0     3     35
 0     4     35
 0     5     35
 0     8     35
 0     0     36
 0     1     36
 0     2     36
 0     4     36
 0     5     36
 0     6     36
 0     7     36
 0     8     36
 0     2     37
 0     6     37
 0     8     37
 0     0     38
 0     1     38
 0     2     38
 0     3     39
 0     4     39
 0     0     40
 0     1     40
 0     2     40
 0     7     40
 0     2     41
 0     3     41
 0     6     41
 1     0     42
 1     1     42
 1     2     42
 1     3     42
 1     4     42
 1     5     42
 0     0     42
 0     1     42
 0     2     42
 0     0     43
 0     4     43
 0     5     43
 0     7     43
 0     0     44
 0     2     44
 0     7     44
 0     0     45
 0     2     45
 0     4     45
 0     7     45
 0     0     46
 0     1     46
 0     2     46
 0     0     47
 0     1     47
 0     2     47
 0     4     47
 0     5     47
 0     6     47
 0     0     48
 0     1     48
 0     2     48
 0     3     48
 0     0     49
 0     1     49
 0     2     49
 0     6     49
 0     0     50
 0     1     50
 0     2     50
 0     3     50
 0     4     50
 0     5     50
 0     6     50
 0     0     51
 0     1     51
 0     2     51
 0     3     51
 0     6     51
 0     7     51
 1     0     52
 1     1     52
 1     2     52
 1     3     52
 1     4     52
 0     0     52
 0     1     52
 0     2     52
 0     3     52
 0     4     52
 0     7     52
 0     8     52
 0     0     53
 0     1     53
 0     2     53
 0     3     53
 1     0     54
 1     1     54
 1     2     54
 1     3     54
 1     4     54
 0     0     54
 0     1     54
 0     0     55
 0     1     55
 0     2     55
 0     3     55
 0     5     55
 0     6     55
 0     8     55
 1     0     56
 0     0     56
 0     1     56
 0     2     56
 1     0     57
 1     1     57
 0     0     57
 0     1     57
 0     7     57
 1     0     58
 1     1     58
 1     5     58
 1     7     58
 0     0     58
 0     1     58
 0     2     58
 0     3     58
 1     0     59
 1     1     59
 0     0     59
 0     1     59
 0     2     59
 1     0     60
 1     1     60
 1     8     60
 0     0     60
 0     1     60
 0     2     60
 1     0     61
 1     1     61
 1     5     61
 0     0     61
 0     1     61
 0     5     61
 0     6     61
 1     0     62
 1     1     62
 0     0     62
 0     1     62
 0     2     62
 0     3     62
 1     0     63
 1     1     63
 1     2     63
 0     0     63
 0     1     63
 0     3     63
 0     5     63
 1     0     64
 1     1     64
 1     2     64
 0     2     64
 1     0     65
 0     0     65
 0     1     65
 0     4     65
 1     0     66
 1     1     66
 1     2     66
 0     0     66
 0     1     66
 0     2     66
 0     0     67
 0     1     67
 1     0     68
 1     1     68
 0     0     68
 0     1     68
 0     2     68
 1     0     69
 0     1     69
 0     3     69
 0     4     69
 0     7     69
 0     8     69
 1     0     70
 1     1     70
 1     2     70
 1     3     70
 0     0     70
 0     1     70
 0     2     70
 0     5     70
 0     7     70
 1     0     71
 0     0     71
 0     1     71
 0     3     71
 0     6     71
 1     0     72
 1     1     72
 1     2     72
 1     3     72
 1     4     72
 0     0     72
 0     1     72
 0     2     72
 0     7     72
 1     1     73
 0     0     73
 0     1     73
 0     5     73
 1     0     74
 1     1     74
 1     2     74
 0     1     74
 0     7     74
 1     0     75
 0     1     75
 1     0     76
 1     1     76
 1     2     76
 1     3     76
 1     4     76
 0     0     76
 0     1     76
 0     2     76
 0     5     76
 0     6     76
 0     1     77
 1     0     78
 1     1     78
 1     2     78
 1     3     78
 1     4     78
 0     1     78
 0     2     78
 0     1     79
 0     2     79
 0     7     79
 1     0     80
 1     1     80
 1     2     80
 1     3     80
 1     4     80
 0     0     80
 0     2     80
 1     2     81
 1     6     81
 0     1     81
 1     0     82
 1     1     82
 1     2     82
 1     3     82
 1     4     82
 0     0     82
 0     1     82
 0     2     82
 0     1     83
 1     0     84
 1     1     84
 1     2     84
 1     3     84
 1     4     84
 1     5     84
 0     0     84
 0     1     84
 1     1     86
 0     0     86
 0     1     86
 0     2     86
 1     0     87
 1     1     87
 1     0     88
 1     1     88
 1     2     88
 1     3     88
 1     4     88
 1     1     90
 1     2     90
 1     3     90
 1     4     90
 0     0     90
 1     0     92
 1     1     92
 1     2     92
 1     3     92
 0     0     92
 0     1     92
 1     0     94
 1     1     94
 1     2     94
 1     3     94
 1     0     96
 1     1     96
 1     2     96
 1     3     96
 1     0     98
 1     1     98
 1     2     98
 1     3     98
 1     4     98
 0     7     99
 1     0     100
 1     1     100
 1     2     100
 1     3     100
 1     4     100
 1     1     102
 1     2     102
 1     3     102
 1     4     102
 1     5     102
 1     0     104
 1     1     104
 1     2     104
 1     3     104
 1     5     104
 1     0     106
 1     1     106
 1     2     106
 1     3     106
 1     4     106
 1     0     108
 1     1     108
 1     2     108
 1     3     108
 1     4     108
 1     5     108
 1     0     110
 1     1     110
 1     2     110
 1     6     110
 1     7     110
 1     8     110
 1     0     112
 1     1     112
 1     2     112
 1
     3
     112

